6.395094128835095149e-02 6.395094128835095149e-02 6.063950941288350549e+00
6.395094128835095149e-02 4.063950941288350549e+00 6.395094128835104863e-02
6.410912633979637398e-02 1.131454544010088936e+00 3.271546992857284675e+00
6.416368966765839676e-02 2.909600036734792949e-01 4.853312877500998823e+00
6.431375956117142689e-02 4.881917794521585252e-01 4.206408636464537665e+00
6.432918936456349934e-02 6.729459034275637741e-01 3.703321284062205176e+00
6.439611960823499182e-02 1.491169580128157923e+00 2.501192584721579237e+00
6.439794284383805467e-02 2.247512084488878514e+00 1.731090683010424236e+00
6.461703990692137245e-02 1.862171456865381103e+00 2.395694011097275755e+00
6.491161058370364945e-02 1.274853807703724140e+00 2.787297430534994458e+00
6.578047336939744916e-02 2.035594988887188705e+00 2.051193516611554912e+00
6.614449373879995042e-02 2.425397759924276642e+00 1.335737316197442404e+00
6.623154686645953138e-02 2.971097542438014827e+00 1.146573499203209279e+00
6.646884401761962713e-02 3.203601411034189717e+00 7.635566222721287266e-01
6.693865211979176111e-02 9.134972216928063382e-01 3.557991515508499791e+00
7.504062281546525215e-02 3.213340554924794645e+00 3.539073542662276028e-01
1.487600779122101591e-01 1.630646848443931374e+00 1.377065914054601548e+00
1.517480047184723846e-01 9.571027842948657272e-01 2.464011923567040796e+00
1.533106490796595778e-01 7.492859455775454647e-01 2.635321224406624641e+00
1.535091015219782751e-01 1.461548912708614090e+00 1.656014975764026120e+00
1.536229283426549519e-01 6.105283782306437645e-01 3.071720640755403853e+00
1.549445916357338471e-01 1.188874947671442639e+00 2.309477827781375225e+00
1.571776510657970083e-01 2.491265244905695453e-01 3.709004258463424630e+00
1.576112097011342639e-01 1.329650166122430033e+00 1.954701305771987307e+00
1.584347337991939275e-01 2.203379792774362134e+00 9.356604396689179870e-01
1.591950112046855437e-01 2.467991445409972506e+00 3.441340671427837172e-01
1.599992656359817134e-01 4.510713831906106863e-01 3.545162644841319377e+00
1.616597847984519998e-01 2.315216389198514246e+00 6.437780056981662336e-01
1.648076938212453824e-01 1.987146918243558380e+00 1.205245804397057974e+00
1.649870103149422285e-01 2.688105124348131536e+00 7.552312529777224781e-02
1.778090665182467944e-01 6.470656870666113836e-02 4.849168977919429580e+00
2.240730386597055146e-01 1.225629165190433412e+00 1.545361662038219341e+00
2.269523480327948484e-01 1.374709873910047842e+00 1.301335298257844553e+00
2.283644522883672145e-01 5.629003530529221866e-01 2.574984989612702169e+00
2.305908122061297028e-01 2.009379165438392345e+00 5.808330217669857021e-01
2.369894870641476858e-01 1.082066031319647736e+00 1.822009648807273230e+00
2.396831835742998518e-01 9.492889623809679378e-01 2.185207637510073297e+00
2.404283363598310741e-01 7.734461340675747865e-01 2.451408454831266237e+00
2.418707235942560985e-01 4.141842504189106600e-01 2.973744780084304207e+00
2.419238865454675369e-01 1.842840106943847589e+00 8.790314317978067393e-01
2.434254409686968934e-01 2.082924945097832214e+00 2.986179871441115852e-01
2.460680255914135528e-01 2.301703290021889448e+00 7.091704639337478855e-02
2.468147671106242780e-01 1.685938200648807506e+00 1.144121262838600384e+00
2.581633949929020289e-01 2.550309696348209143e-01 3.545295749827701126e+00
2.716373197391656613e-01 6.766254987119350861e-02 4.106940808419808242e+00
3.050142844867326786e-01 1.846781634740239708e+00 3.069531140794653501e-01
3.057390744388736592e-01 1.006712688257265009e+00 1.485924439925050855e+00
3.063272052314846561e-01 1.200073527224740699e+00 1.267737690316851351e+00
3.121620568364547044e-01 1.707726509975010298e+00 5.803635411945119449e-01
3.123049396764676078e-01 8.818156531896332861e-01 1.795885076501900546e+00
3.129323382913465346e-01 3.974187104916706015e-01 2.566173750440760681e+00
3.162576700600986390e-01 2.037179149800603550e+00 6.930800622723436166e-02
3.164628672508341123e-01 1.597275123075291070e+00 8.379540597245969114e-01
3.219343075005708932e-01 7.552249165261667452e-01 2.137098418583690318e+00
3.254842069696881612e-01 5.985206554102150411e-01 2.437727641924236632e+00
3.285176222219493569e-01 1.434645035526371570e+00 1.114034463515138240e+00
3.363212491197457576e-01 2.468406633268910300e-01 3.057371034566059631e+00
3.656169979834605344e-01 6.989351498086759928e-02 3.670976778703245014e+00
3.762937197375462173e-01 1.604335091636909905e+00 3.428990354059316958e-01
3.772995557609696848e-01 1.795392697688405370e+00 8.240454094018878628e-02
3.774943459506696630e-01 8.448382164064334177e-01 1.461639577019598235e+00
3.810740912973926697e-01 1.018275392460195716e+00 1.265914778354898296e+00
3.839523150798777040e-01 1.500890659238225400e+00 5.510537455012454178e-01
3.860191269045792350e-01 1.411339493709048654e+00 7.891258058035414136e-01
3.886519112645192009e-01 7.168485982147019264e-01 1.780655848112395523e+00
4.011752604973379821e-01 1.251464250264163525e+00 1.085370885221265791e+00
4.095848967656858797e-01 2.392840500830549222e-01 2.635398533089477358e+00
4.109004019462697554e-01 5.762275787482101785e-01 2.141810522033653186e+00
4.158202817646598493e-01 4.193254230425946805e-01 2.452518622428091266e+00
4.368778615296442513e-01 1.599824225377387998e+00 9.635059839966625406e-02
4.442286555669997528e-01 1.434969438357263316e+00 3.075570574332446294e-01
4.519027462479477397e-01 1.323269663737480117e+00 5.510358520470932664e-01
4.540334558128307219e-01 6.957939286197319939e-01 1.451259940588623065e+00
4.608405024044167630e-01 8.648329763276689786e-01 1.264287009410900664e+00
4.645509311675373731e-01 1.217138525530977677e+00 7.801928777483785327e-01
4.746888795268213723e-01 5.555402400028580656e-01 1.804758891974531210e+00
4.799967002226735446e-01 1.071651728957119465e+00 1.076042114295791663e+00
4.885114547878580682e-01 7.129611145747689893e-02 3.540054807366512790e+00
5.045507953648838972e-01 4.150887268798152951e-01 2.196995247396430262e+00
5.109742415894134027e-01 1.279499071444480052e+00 2.956907585257775861e-01
5.116475253644258148e-01 2.382874105090601602e-01 2.464014949804795851e+00
5.289491458635120491e-01 1.462825637758429442e+00 6.472765529719248789e-02
5.304678117120490421e-01 1.148791140051592441e+00 5.368787697914868540e-01
5.390899549062261320e-01 5.343854637354220616e-01 1.509298995986153136e+00
5.437206986750029447e-01 1.032741471994748528e+00 8.212817818120280444e-01
5.484198545739886743e-01 7.142911023599628484e-01 1.264000519993740967e+00
5.679133693668393379e-01 8.991876211023380749e-01 1.068123865659219796e+00
5.752886861288060150e-01 4.001891492186219201e-01 1.855020704631247463e+00
5.916571646293806719e-01 1.205717212541760563e+00 1.217979717284396191e-01
5.926741830437407543e-01 1.103320416746637722e+00 3.020972359877331925e-01
5.973609901263718935e-01 6.410870958457855207e-02 3.293178819700519178e+00
6.063310045116629965e-01 9.942259648559558238e-01 5.462667324650284373e-01
6.219076955299711607e-01 2.525979694483329041e-01 2.300382604806669562e+00
6.311051217578595995e-01 8.781780579503219997e-01 7.917324428512009238e-01
6.317946217300912659e-01 5.589972274930442575e-01 1.265739734626227797e+00
6.335395917590140868e-01 3.995851322009257300e-01 1.537250705069382883e+00
6.594370039013404128e-01 7.383754757681587622e-01 1.078572573756836572e+00
6.706033985729544789e-01 9.507239606815551802e-01 3.204575408901383371e-01
6.725120756049454140e-01 6.538125883759883517e-02 2.795151883791946457e+00
6.820845979011329607e-01 1.145102430648608172e+00 6.437870733922373967e-02
6.936111218036631332e-01 8.388967713710117069e-01 5.544692133027986358e-01
7.009311265417886849e-01 2.422753566932585034e-01 1.987047798996637527e+00
7.226200134819258381e-01 7.311637353694255825e-01 7.865187190650846372e-01
7.240339861158053836e-01 3.802533507453783046e-01 1.307476797594034457e+00
7.294828052970651067e-01 9.813075108297670823e-01 8.960809863224020178e-02
7.477686137430769042e-01 8.370182406576464063e-01 2.802374561760949123e-01
7.616517239767687242e-01 5.826644504057010288e-01 1.098332232794120511e+00
7.676915836041360297e-01 2.426078943163390567e-01 1.634715730182844773e+00
7.764551162557802311e-01 6.543951183257530613e-02 2.493351100963935529e+00
7.897729064692328160e-01 7.002080763374168848e-01 5.250085536472323122e-01
8.173119305631018072e-01 8.634989408540856282e-01 7.495350100723334463e-02
8.327695794447733668e-01 5.714463556782135578e-01 8.165254167243936045e-01
8.375929022190645723e-01 2.444667178850120082e-01 1.366924867550283418e+00
8.414249705605855167e-01 6.991357776314025552e-01 2.791916471957890389e-01
8.754631620292149252e-01 4.281890598517806845e-01 1.146515533637395556e+00
8.951100503088050830e-01 5.569495313796593017e-01 5.464915420525259249e-01
9.386980144115468772e-01 7.088244709031495949e-01 6.830499678041693223e-02
9.462005969379391201e-01 6.879138704916479274e-02 2.365784115318210201e+00
9.536657658816427574e-01 5.488786832667132964e-01 3.041076068608004612e-01
9.596984164824720054e-01 4.162530623824447495e-01 8.662082265375159462e-01
1.019628849908661206e+00 4.118322824632095758e-01 5.904340057794336127e-01
1.026912205834928482e+00 5.637558402500915111e-01 8.879180359922243804e-02
1.027138968290816967e+00 2.569533200561122110e-01 1.220317528374843086e+00
1.061761086606330062e+00 6.620357625498402010e-02 2.056749094735049077e+00
1.075671354137661906e+00 4.172372638654754939e-01 3.123571191577517725e-01
1.110726578399235498e+00 7.330275257290630453e-02 1.624271732785642630e+00
1.137184182037568991e+00 2.529600125291255330e-01 9.209220877682683382e-01
1.191255085942283021e+00 4.305649889558876287e-01 6.712104080070387113e-02
1.209928879702918625e+00 2.463710653086393920e-01 6.358324087194282548e-01
1.213329433161214999e+00 7.531970399709131403e-02 1.314665757427137649e+00
1.264275298268043857e+00 2.542397962705853498e-01 3.516248399183178885e-01
1.434820628092090766e+00 2.450141423330686186e-01 6.603134677849785417e-02
1.481559891747170843e+00 7.488675671319608429e-02 1.124417142790970603e+00
1.633385770714256724e+00 8.487432992273380439e-02 3.915329355575826731e-01
1.694440897183842276e+00 6.407545152972572711e-02 8.254527052369717843e-01
2.063950941288350549e+00 6.395094128835095149e-02 6.395094128835104863e-02
