6.395094128835095149e-02 6.395094128835095149e-02 6.063950941288350549e+00
6.395094128835095149e-02 4.063950941288350549e+00 6.395094128835104863e-02
6.399617092296229492e-02 3.067196246857058828e+00 1.189898185094226957e+00
6.412531436121787776e-02 1.495479378599798626e+00 2.511707112350737514e+00
6.421050233086968151e-02 2.930858795289337793e-01 4.850679717395544266e+00
6.429200085248922003e-02 1.124233470660865652e+00 3.258162736672827631e+00
6.447707149172446361e-02 1.281274423571941767e+00 2.814837621569057813e+00
6.472969055406603556e-02 9.220833478125972649e-01 3.612146274860963846e+00
6.487641272571942341e-02 6.681970322968038278e-01 3.691938823531735192e+00
6.554958423759649211e-02 4.803395170731347696e-01 4.120269283542326022e+00
6.587627493429951131e-02 2.037596857520625360e+00 2.040227357718999546e+00
6.602968224592868640e-02 2.203758062604068257e+00 1.669648595753929987e+00
6.700684891498137619e-02 1.816114215454715852e+00 2.360872744463607287e+00
6.734006327686693771e-02 3.172734769906557784e+00 7.667122310133105412e-01
6.917417854326922411e-02 2.370477161808973054e+00 1.316144228778508563e+00
7.550750179926618566e-02 3.183009415059188996e+00 3.920876219148811681e-01
1.508909850096122329e-01 1.474128308144145638e+00 1.655908835260779588e+00
1.511609261560961093e-01 1.635565272627477862e+00 1.356027763430012634e+00
1.516353394928208753e-01 9.520153513482283447e-01 2.464105441343997338e+00
1.527938319301626047e-01 7.484491252373979275e-01 2.641253661417118703e+00
1.545432114608940033e-01 1.330953237139972378e+00 1.988251392444535304e+00
1.552179326497090117e-01 2.348385255689367845e+00 6.524907537133345370e-01
1.553283510698126868e-01 6.106495439120591673e-01 3.050737438481465169e+00
1.553737746397520492e-01 1.189909506592389921e+00 2.304447633225873648e+00
1.577328543038974962e-01 2.510169889792410181e-01 3.703870515312387202e+00
1.591189232765279349e-01 2.475464917930043196e+00 3.311080631467641644e-01
1.606654054686333932e-01 2.000138326555673807e+00 1.212264195008716294e+00
1.613625773653702133e-01 4.514509782637277646e-01 3.535699463623672489e+00
1.619696613416059527e-01 2.198279458552063304e+00 9.055460096201093378e-01
1.639500425682207663e-01 2.768799993810465931e+00 6.461028011619320000e-02
1.765835407069670793e-01 6.419989396037451002e-02 4.856408418956904782e+00
2.237613542070264194e-01 1.379615535040522145e+00 1.306286709858689887e+00
2.290201128733696523e-01 5.639645519392918471e-01 2.569817020524040263e+00
2.304512323413234753e-01 1.207907467747540542e+00 1.536352283343517922e+00
2.310525946925546803e-01 2.129880545945469716e+00 3.082144943665982018e-01
2.358536164656567791e-01 1.079959371992677442e+00 1.839095166080219723e+00
2.366027671348863159e-01 1.988846219149409400e+00 5.699461857361461936e-01
2.375850475106722759e-01 2.351362103615101340e+00 6.848107877044519454e-02
2.388469572442458166e-01 1.851888361540391381e+00 8.862253626903117132e-01
2.405085577970726418e-01 4.180072847190267615e-01 2.968773388831230431e+00
2.415755622031366956e-01 1.690140182027234150e+00 1.164398307024663293e+00
2.425307130720381621e-01 9.415208953020184346e-01 2.183787903153048049e+00
2.430537261289851259e-01 7.705832850379900067e-01 2.449456774426050032e+00
2.574833452225680497e-01 2.577018957440362357e-01 3.540139225608478935e+00
2.722619018540667346e-01 6.603459322549228017e-02 4.163215374291352688e+00
3.019119087577742944e-01 1.195714661482274010e+00 1.271586131120340024e+00
3.041640151743986165e-01 1.843329403285410173e+00 3.199021961831731709e-01
3.079737951868138923e-01 1.007869836338363800e+00 1.470025549189377223e+00
3.091915240288444222e-01 8.875318614817673257e-01 1.802355476067962314e+00
3.130762618033378630e-01 4.021743140044337639e-01 2.555297274710259803e+00
3.144612118864791306e-01 1.608381033079461675e+00 8.256965775664126816e-01
3.171527224694418168e-01 2.032156750626534780e+00 6.967909054032200844e-02
3.174311243096279433e-01 1.704592133949735855e+00 5.431154919682595894e-01
3.237418160279543766e-01 1.458658585385624651e+00 1.097243741156249230e+00
3.245305253379902610e-01 7.528698274636398402e-01 2.126374510901057224e+00
3.253303104264002599e-01 5.980515763012942410e-01 2.438358042954623439e+00
3.382711714233575528e-01 2.438335799719514863e-01 3.060637818466493965e+00
3.675199338152145834e-01 6.458265751888163375e-02 3.707912015106095804e+00
3.735224223890867834e-01 8.474298092779504188e-01 1.476303528732650028e+00
3.735264584315982073e-01 1.633895400006884158e+00 2.963868062442662210e-01
3.838386523908394188e-01 1.506946841981020579e+00 5.351795767843653406e-01
3.840137327803388456e-01 1.031081048412185064e+00 1.264344680010102362e+00
3.853967507730862163e-01 1.850842916585987208e+00 6.459085537468996219e-02
3.855718062041282312e-01 1.393684970889518260e+00 8.414848838500450512e-01
3.894780210857538005e-01 7.148659305116766838e-01 1.781837293054737259e+00
3.971611437766701669e-01 1.263337621251944487e+00 1.082069642400032450e+00
4.074939039157546850e-01 5.875520562378071521e-01 2.123570935295663542e+00
4.078308159714012504e-01 2.375351967432455802e-01 2.650357078107222097e+00
4.196364136716830284e-01 4.179728272079147322e-01 2.449863531642640258e+00
4.499951484716946393e-01 1.421437747250962946e+00 3.050543231727700921e-01
4.534798274752866454e-01 1.633273004079134783e+00 6.662889762289775364e-02
4.565150650265259458e-01 6.879968264176311576e-01 1.459524881316387024e+00
4.616752214348835981e-01 1.302938880539696420e+00 5.411706398941298346e-01
4.655594680234708682e-01 8.647460531621539159e-01 1.264029765280835438e+00
4.693759304822371359e-01 1.198718603037903785e+00 8.020062714641591484e-01
4.758801960878463189e-01 5.535195634795929687e-01 1.805156435765141953e+00
4.816344152437094239e-01 1.070083409520842688e+00 1.071752393968551820e+00
4.937934596088126571e-01 6.572947008829917170e-02 3.606808260974468272e+00
5.050110691167234434e-01 4.120958022605286653e-01 2.205722330721689772e+00
5.057717080272219334e-01 2.393274148476361995e-01 2.464226413939004434e+00
5.234675143339475589e-01 1.431495861235432487e+00 7.212563731699513092e-02
5.287231596858057436e-01 1.274615042509523066e+00 2.217735259713818907e-01
5.304828651259472228e-01 1.144799707599113425e+00 5.492100228100650350e-01
5.395385045045482109e-01 5.431014187837668317e-01 1.480105774901628202e+00
5.473570632020604565e-01 1.037531164744016854e+00 7.826563913765067770e-01
5.481409889552283365e-01 7.129993647632714149e-01 1.264026207012962866e+00
5.663427300444053847e-01 9.010362606862281076e-01 1.070644154844469176e+00
5.770651988061733517e-01 4.005189053120029596e-01 1.842757215283451711e+00
5.882583265022750529e-01 6.640384343440455805e-02 3.195536938842979957e+00
5.982562958067165759e-01 1.275993267843085199e+00 6.915153170286664208e-02
6.085358166879433206e-01 1.103516729266501795e+00 2.299841878679565466e-01
6.218709966098703301e-01 9.739697275464975768e-01 5.177295260275416311e-01
6.245663204774276611e-01 2.497205405244370402e-01 2.301763712388694039e+00
6.283880256984851753e-01 8.826227081873576630e-01 7.927751121334545292e-01
6.317966931725386148e-01 5.480879574052572867e-01 1.267973693838680083e+00
6.407015388982482129e-01 3.926975470364273413e-01 1.530809366392360538e+00
6.521004153948342097e-01 7.475674336865295588e-01 1.084735100093098259e+00
6.569777720760653361e-01 6.885706843512651165e-02 2.748433573474382552e+00
6.624491372736719397e-01 9.731565505219416101e-01 2.990464546097930110e-01
6.843338562988789953e-01 1.147143566644129642e+00 6.414468799345279804e-02
6.986745431096170744e-01 8.351075195959571928e-01 5.384440289569418781e-01
7.056409483174336250e-01 2.416510306036109834e-01 1.965714541874020949e+00
7.260295307120702146e-01 3.869998643096926871e-01 1.295748771631244356e+00
7.295182659529317881e-01 7.152401189925449154e-01 8.075763700679952084e-01
7.438705548450192939e-01 9.836805239694637049e-01 7.435665426973203651e-02
7.532583815104608727e-01 8.281449294369793712e-01 2.808906921202580231e-01
7.560117675966597783e-01 5.872112544699947811e-01 1.106082940713992047e+00
7.702427352146382633e-01 6.712733837447384944e-02 2.484075541432104739e+00
7.743858023375181920e-01 2.392429734758947379e-01 1.622069485343778261e+00
7.805653275930051205e-01 7.007304039165350718e-01 5.739909012793152909e-01
8.299748244251012874e-01 5.716898720911982590e-01 8.301019457844208693e-01
8.330091991571565435e-01 8.456042200470142989e-01 7.243059409508770252e-02
8.429871494720906355e-01 2.397048608573349449e-01 1.368260191746101029e+00
8.483343678237815766e-01 6.808415934255355184e-01 3.058071902885062254e-01
8.790658400524553606e-01 4.338226372471482017e-01 1.120919674948192890e+00
9.055876827146700503e-01 5.369932573885064508e-01 5.792847775004753563e-01
9.216034663205350252e-01 6.795473590911527140e-01 1.017618826110520402e-01
9.398641172231837482e-01 6.972117799289534457e-02 2.366053123313185846e+00
9.471504914258050967e-01 4.314527662259289853e-01 8.553112265651060531e-01
9.595206081671249221e-01 5.471359949896270614e-01 2.870586940405867038e-01
1.005648241538164234e+00 4.187605072498330472e-01 6.253069217427630333e-01
1.034691038032871324e+00 2.474369945332279830e-01 1.227172353640974212e+00
1.041617921152482307e+00 5.579404684533145753e-01 7.997262613765972195e-02
1.059894080198842348e+00 6.593767381401995087e-02 2.076630143230667525e+00
1.092031488265088779e+00 4.006551239059358283e-01 3.166059281060180641e-01
1.131311377670716878e+00 2.534095045974507077e-01 9.424575367682160865e-01
1.139632588483421971e+00 6.734039073685088583e-02 1.673282892241817921e+00
1.172334151162349736e+00 2.702300514957731714e-01 6.540870070223285815e-01
1.217410775563665171e+00 4.200690171243092741e-01 6.461548051990019526e-02
1.250578676508484310e+00 6.670476105969427860e-02 1.352448341741836035e+00
1.262904566446231946e+00 2.527076083805831486e-01 3.654715230266047388e-01
1.385594590488860467e+00 2.531910081272394919e-01 8.194310452112676946e-02
1.492554619373505309e+00 7.118120883293727053e-02 1.153473706412079691e+00
1.563989859205510369e+00 8.163010545413443286e-02 7.234425582887274997e-01
1.755857662310468914e+00 6.551652326548709770e-02 4.498741633443818499e-01
2.063950941288350549e+00 6.395094128835095149e-02 6.395094128835104863e-02
